precision    recall  f1-score   support

           1       0.00      0.00      0.00         1
           4       0.00      0.00      0.00         1
          13       0.00      0.00      0.00         1
          15       0.00      0.00      0.00         0
          19       0.00      0.00      0.00         1
          20       0.00      0.00      0.00         0
          33       0.00      0.00      0.00         0
          38       0.00      0.00      0.00         1
          60       1.00      0.50      0.67         2
          83       1.00      1.00      1.00         1
          87       0.50      1.00      0.67         1
          99       0.00      0.00      0.00         0
         100       0.00      0.00      0.00         0
         105       0.00      0.00      0.00         0
         116       0.00      0.00      0.00         1
         122       1.00      1.00      1.00         1
         150       0.00      0.00      0.00         0
         158       0.00      0.00      0.00         0
         162       1.00      1.00      1.00         1
         164       0.00      0.00      0.00         0
         166       0.00      0.00      0.00         0
         183       0.00      0.00      0.00         0
         185       0.00      0.00      0.00         0
         193       0.00      0.00      0.00         0
         203       0.00      0.00      0.00         1
         211       0.00      0.00      0.00         0
         220       1.00      1.00      1.00         1
         227       0.00      0.00      0.00         0
         228       0.00      0.00      0.00         1
         230       0.00      0.00      0.00         0
         233       0.00      0.00      0.00         1
         253       0.00      0.00      0.00         1
         270       0.00      0.00      0.00         1
         280       0.00      0.00      0.00         1
         282       0.00      0.00      0.00         0
         287       0.00      0.00      0.00         0
         290       0.00      0.00      0.00         1
         303       1.00      1.00      1.00         1
         307       0.00      0.00      0.00         0
         309       0.00      0.00      0.00         0
         319       0.00      0.00      0.00         0
         320       0.00      0.00      0.00         1
         329       1.00      1.00      1.00         1
         338       0.00      0.00      0.00         0
         341       0.00      0.00      0.00         0
         347       0.00      0.00      0.00         0
         353       0.00      0.00      0.00         1
         366       0.00      0.00      0.00         3
         378       0.00      0.00      0.00         0
         380       0.00      0.00      0.00         1
         386       0.00      0.00      0.00         0
         390       0.00      0.00      0.00         1
         395       0.00      0.00      0.00         0
         401       1.00      0.50      0.67         2
         406       0.00      0.00      0.00         2
         417       0.00      0.00      0.00         0
         439       1.00      1.00      1.00         1
         456       0.00      0.00      0.00         0
         462       0.00      0.00      0.00         1
         470       0.00      0.00      0.00         1
         478       0.00      0.00      0.00         0
         494       0.00      0.00      0.00         1
         496       0.00      0.00      0.00         1
         497       0.00      0.00      0.00         1
         508       0.00      0.00      0.00         0
         517       0.00      0.00      0.00         0
         532       0.00      0.00      0.00         0
         538       0.00      0.00      0.00         2
         549       0.50      1.00      0.67         1
         556       0.00      0.00      0.00         1
         558       1.00      1.00      1.00         1
         563       0.00      0.00      0.00         2
         565       1.00      1.00      1.00         1
         567       0.00      0.00      0.00         1
         572       0.00      0.00      0.00         1
         573       0.00      0.00      0.00         0
         576       0.00      0.00      0.00         0
         582       0.00      0.00      0.00         1
         583       1.00      0.50      0.67         2
         587       0.00      0.00      0.00         1
         592       0.00      0.00      0.00         1
         615       0.00      0.00      0.00         0
         619       0.00      0.00      0.00         0
         623       0.00      0.00      0.00         2
         628       0.00      0.00      0.00         2
         633       1.00      0.50      0.67         2
         636       0.00      0.00      0.00         0
         666       0.00      0.00      0.00         0
         670       0.00      0.00      0.00         0
         704       0.50      1.00      0.67         1
         707       1.00      1.00      1.00         1
         715       1.00      0.50      0.67         2
         718       0.00      0.00      0.00         0
         720       0.00      0.00      0.00         0
         727       1.00      1.00      1.00         1
         747       0.00      0.00      0.00         1
         753       0.00      0.00      0.00         1
         755       0.00      0.00      0.00         0
         757       0.00      0.00      0.00         1
         761       0.00      0.00      0.00         0
         767       0.00      0.00      0.00         1
         770       0.00      0.00      0.00         1
         774       0.00      0.00      0.00         0
         783       0.00      0.00      0.00         0
         785       0.00      0.00      0.00         0
         795       1.00      1.00      1.00         1
         806       0.00      0.00      0.00         1
         821       1.00      1.00      1.00         1
         835       0.00      0.00      0.00         1
         858       0.00      0.00      0.00         1
         861       0.00      0.00      0.00         1
         865       0.00      0.00      0.00         1
         868       1.00      1.00      1.00         1
         871       1.00      1.00      1.00         1
         872       1.00      1.00      1.00         1
         894       1.00      1.00      1.00         1
         900       0.00      0.00      0.00         1
         901       0.00      0.00      0.00         1
         918       1.00      1.00      1.00         1
         928       0.00      0.00      0.00         1
         934       0.00      0.00      0.00         0
         949       1.00      1.00      1.00         1
         964       0.00      0.00      0.00         2
         987       0.00      0.00      0.00         1
        1003       0.00      0.00      0.00         0
        1005       0.00      0.00      0.00         0
        1024       0.00      0.00      0.00         3
        1025       1.00      1.00      1.00         1
        1026       1.00      1.00      1.00         1
        1027       1.00      1.00      1.00         1
        1033       0.00      0.00      0.00         0
        1039       0.00      0.00      0.00         1
        1050       1.00      1.00      1.00         1
        1059       1.00      1.00      1.00         1
        1074       0.00      0.00      0.00         0
        1078       0.00      0.00      0.00         0
        1089       0.00      0.00      0.00         1
        1091       1.00      0.50      0.67         2
        1094       0.00      0.00      0.00         0
        1099       0.00      0.00      0.00         1
        1101       1.00      1.00      1.00         1
        1105       0.00      0.00      0.00         0
        1106       0.00      0.00      0.00         1
        1124       0.00      0.00      0.00         0
        1148       0.00      0.00      0.00         1
        1153       0.00      0.00      0.00         1
        1164       0.00      0.00      0.00         0
        1167       0.00      0.00      0.00         0
        1175       1.00      1.00      1.00         1
        1178       0.00      0.00      0.00         0
        1181       0.00      0.00      0.00         0
        1204       0.00      0.00      0.00         0
        1208       0.00      0.00      0.00         0
        1213       0.00      0.00      0.00         2
        1215       0.00      0.00      0.00         0
        1216       0.00      0.00      0.00         1
        1220       1.00      0.50      0.67         2
        1221       0.00      0.00      0.00         1
        1224       1.00      1.00      1.00         1
        1228       0.00      0.00      0.00         1
        1231       0.00      0.00      0.00         0
        1242       0.00      0.00      0.00         0
        1247       0.00      0.00      0.00         1
        1252       0.00      0.00      0.00         1
        1260       1.00      1.00      1.00         1
        1261       0.00      0.00      0.00         1
        1267       0.00      0.00      0.00         0
        1272       0.00      0.00      0.00         1
        1273       1.00      0.50      0.67         2
        1281       0.00      0.00      0.00         1
        1283       0.00      0.00      0.00         0
        1293       1.00      1.00      1.00         1
        1305       0.00      0.00      0.00         2
        1314       1.00      1.00      1.00         1
        1315       1.00      1.00      1.00         1
        1325       1.00      1.00      1.00         1
        1327       1.00      1.00      1.00         1
        1336       1.00      1.00      1.00         1
        1342       0.00      0.00      0.00         0
        1344       0.00      0.00      0.00         0
        1350       0.00      0.00      0.00         0
        1354       0.00      0.00      0.00         2
        1360       0.00      0.00      0.00         0
        1366       0.00      0.00      0.00         1
        1394       1.00      1.00      1.00         1
        1396       0.00      0.00      0.00         0
        1399       1.00      1.00      1.00         1
        1400       1.00      1.00      1.00         1
        1411       0.00      0.00      0.00         1
        1417       1.00      1.00      1.00         1
        1432       1.00      1.00      1.00         1
        1452       0.00      0.00      0.00         1
        1456       1.00      0.50      0.67         2
        1462       0.00      0.00      0.00         0
        1473       1.00      1.00      1.00         1
        1484       0.00      0.00      0.00         0
        1496       0.00      0.00      0.00         1
        1503       1.00      0.50      0.67         2
        1509       0.00      0.00      0.00         2
        1547       0.00      0.00      0.00         1
        1558       0.00      0.00      0.00         2
        1583       0.00      0.00      0.00         0
        1584       0.00      0.00      0.00         0
        1586       0.00      0.00      0.00         1
        1596       0.00      0.00      0.00         0
        1598       0.00      0.00      0.00         1
        1602       0.00      0.00      0.00         1
        1603       0.00      0.00      0.00         1
        1607       1.00      1.00      1.00         1
        1611       0.00      0.00      0.00         2
        1623       0.00      0.00      0.00         1
        1639       0.00      0.00      0.00         1
        1647       0.00      0.00      0.00         0
        1658       0.00      0.00      0.00         0
        1663       0.00      0.00      0.00         1
        1674       1.00      1.00      1.00         1
        1688       0.00      0.00      0.00         0
        1697       0.00      0.00      0.00         0
        1709       0.33      1.00      0.50         1
        1714       1.00      0.50      0.67         2
        1725       0.00      0.00      0.00         0
        1729       0.00      0.00      0.00         0
        1733       0.00      0.00      0.00         1
        1743       0.00      0.00      0.00         3
        1746       1.00      1.00      1.00         1
        1748       0.00      0.00      0.00         0
        1754       0.00      0.00      0.00         0
        1761       0.00      0.00      0.00         0
        1764       0.00      0.00      0.00         2
        1774       0.00      0.00      0.00         1
        1785       0.00      0.00      0.00         1
        1786       0.00      0.00      0.00         1
        1791       0.00      0.00      0.00         2
        1793       0.00      0.00      0.00         0
        1800       0.00      0.00      0.00         0
        1811       0.00      0.00      0.00         1
        1830       0.00      0.00      0.00         0
        1831       0.00      0.00      0.00         0
        1844       0.00      0.00      0.00         1
        1857       0.00      0.00      0.00         0
        1860       0.00      0.00      0.00         0
        1876       1.00      1.00      1.00         1
        1878       0.00      0.00      0.00         1
        1895       0.00      0.00      0.00         1
        1899       0.00      0.00      0.00         0
        1906       0.00      0.00      0.00         1
        1918       0.50      1.00      0.67         1
        1940       0.00      0.00      0.00         0
        1942       0.00      0.00      0.00         1
        1951       0.00      0.00      0.00         0
        1953       1.00      1.00      1.00         1
        1957       1.00      1.00      1.00         1
        1962       0.00      0.00      0.00         0
        1982       1.00      1.00      1.00         1
        1984       0.00      0.00      0.00         1
        2015       0.00      0.00      0.00         1
        2021       0.00      0.00      0.00         2
        2068       0.00      0.00      0.00         0
        2069       0.00      0.00      0.00         1
        2072       1.00      1.00      1.00         1
        2074       1.00      1.00      1.00         1
        2075       0.00      0.00      0.00         1
        2100       0.00      0.00      0.00         0
        2124       0.00      0.00      0.00         1
        2131       1.00      1.00      1.00         1
        2133       0.00      0.00      0.00         1
        2134       0.00      0.00      0.00         0
        2154       0.00      0.00      0.00         0
        2155       1.00      1.00      1.00         1
        2159       0.00      0.00      0.00         1
        2160       0.00      0.00      0.00         0
        2168       0.00      0.00      0.00         0
        2169       0.00      0.00      0.00         1
        2189       0.00      0.00      0.00         0
        2192       0.00      0.00      0.00         1
        2198       0.00      0.00      0.00         0
        2199       0.00      0.00      0.00         1
        2200       0.00      0.00      0.00         1
        2212       0.00      0.00      0.00         0
        2214       0.00      0.00      0.00         0
        2217       0.00      0.00      0.00         1
        2238       1.00      1.00      1.00         1
        2245       0.00      0.00      0.00         0
        2259       0.00      0.00      0.00         0
        2264       0.00      0.00      0.00         1
        2273       0.00      0.00      0.00         3
        2274       1.00      0.50      0.67         2
        2302       0.00      0.00      0.00         0
        2307       0.00      0.00      0.00         0
        2309       1.00      1.00      1.00         1
        2315       0.00      0.00      0.00         0
        2318       1.00      1.00      1.00         1
        2331       0.00      0.00      0.00         1
        2334       1.00      1.00      1.00         1
        2335       0.00      0.00      0.00         0
        2338       0.00      0.00      0.00         1
        2342       0.00      0.00      0.00         0
        2354       0.00      0.00      0.00         0
        2359       0.00      0.00      0.00         1
        2362       1.00      1.00      1.00         1
        2363       1.00      1.00      1.00         1
        2373       0.00      0.00      0.00         2
        2374       0.00      0.00      0.00         0
        2418       0.00      0.00      0.00         1
        2432       1.00      1.00      1.00         1
        2436       0.00      0.00      0.00         0
        2443       0.00      0.00      0.00         0
        2448       1.00      1.00      1.00         1
        2460       0.00      0.00      0.00         1
        2469       0.00      0.00      0.00         1
        2476       0.00      0.00      0.00         1
        2487       0.00      0.00      0.00         0
        2492       0.00      0.00      0.00         1
        2493       0.00      0.00      0.00         1
        2507       0.00      0.00      0.00         0
        2508       1.00      1.00      1.00         1
        2519       0.00      0.00      0.00         0
        2541       0.00      0.00      0.00         0
        2545       1.00      1.00      1.00         1
        2546       0.00      0.00      0.00         1
        2557       0.00      0.00      0.00         0
        2559       0.00      0.00      0.00         0
        2569       1.00      1.00      1.00         1
        2574       0.00      0.00      0.00         0
        2585       0.00      0.00      0.00         1
        2588       0.00      0.00      0.00         0
        2593       1.00      1.00      1.00         1
        2595       0.00      0.00      0.00         0
        2597       0.00      0.00      0.00         0
        2602       0.00      0.00      0.00         0
        2604       0.00      0.00      0.00         1
        2609       0.00      0.00      0.00         0
        2614       1.00      1.00      1.00         1
        2617       0.00      0.00      0.00         0
        2623       0.00      0.00      0.00         1
        2630       1.00      1.00      1.00         1
        2646       1.00      0.50      0.67         2
        2648       0.00      0.00      0.00         1
        2649       0.00      0.00      0.00         1
        2654       0.00      0.00      0.00         1
        2655       0.00      0.00      0.00         0
        2656       1.00      1.00      1.00         1
        2665       0.00      0.00      0.00         0
        2671       1.00      0.50      0.67         2
        2673       0.00      0.00      0.00         0
        2679       0.00      0.00      0.00         1
        2689       0.00      0.00      0.00         0
        2703       0.00      0.00      0.00         2
        2706       0.00      0.00      0.00         0
        2710       0.00      0.00      0.00         1
        2722       1.00      1.00      1.00         1
        2736       0.00      0.00      0.00         0
        2740       0.00      0.00      0.00         2
        2742       0.00      0.00      0.00         0
        2744       0.00      0.00      0.00         2
        2746       0.00      0.00      0.00         1
        2747       0.00      0.00      0.00         0
        2760       0.00      0.00      0.00         2
        2780       0.00      0.00      0.00         0
        2782       0.00      0.00      0.00         0
        2787       1.00      0.50      0.67         2
        2788       0.00      0.00      0.00         0
        2790       0.00      0.00      0.00         1
        2807       1.00      1.00      1.00         1
        2811       0.00      0.00      0.00         0
        2835       0.00      0.00      0.00         2
        2840       0.00      0.00      0.00         1
        2849       0.00      0.00      0.00         0
        2858       0.00      0.00      0.00         0
        2864       0.00      0.00      0.00         2
        2865       0.00      0.00      0.00         2
        2874       1.00      1.00      1.00         1
        2881       0.00      0.00      0.00         0
        2892       1.00      1.00      1.00         1
        2923       0.00      0.00      0.00         1
        2927       1.00      1.00      1.00         1
        2930       0.00      0.00      0.00         1
        2939       0.00      0.00      0.00         1
        2943       0.00      0.00      0.00         0
        2950       0.00      0.00      0.00         0
        2958       0.00      0.00      0.00         0
        2966       0.50      1.00      0.67         1
        2971       0.00      0.00      0.00         1
        2979       0.00      0.00      0.00         1
        2983       0.00      0.00      0.00         1
        2989       0.00      0.00      0.00         0
        2991       0.00      0.00      0.00         0
        2999       0.00      0.00      0.00         1
        3004       1.00      1.00      1.00         1
        3008       0.00      0.00      0.00         0
        3011       1.00      1.00      1.00         1
        3019       0.00      0.00      0.00         0
        3022       1.00      1.00      1.00         1
        3027       0.00      0.00      0.00         0
        3037       0.50      0.50      0.50         2
        3039       0.00      0.00      0.00         2
        3049       0.00      0.00      0.00         2
        3067       0.00      0.00      0.00         1
        3074       1.00      0.50      0.67         2
        3083       0.00      0.00      0.00         1
        3099       0.00      0.00      0.00         0
        3105       0.00      0.00      0.00         2
        3111       0.00      0.00      0.00         0
        3112       0.00      0.00      0.00         0
        3116       0.00      0.00      0.00         2
        3124       0.00      0.00      0.00         0
        3133       1.00      1.00      1.00         1
        3145       0.00      0.00      0.00         1
        3146       0.00      0.00      0.00         0
        3163       0.00      0.00      0.00         1
        3178       1.00      1.00      1.00         1
        3180       0.00      0.00      0.00         0
        3193       0.00      0.00      0.00         0
        3195       0.00      0.00      0.00         0
        3197       0.00      0.00      0.00         1
        3198       0.00      0.00      0.00         0
        3206       0.00      0.00      0.00         0
        3207       0.00      0.00      0.00         0
        3210       0.00      0.00      0.00         0
        3218       0.00      0.00      0.00         1
        3219       0.00      0.00      0.00         1
        3223       0.00      0.00      0.00         1
        3225       0.00      0.00      0.00         0
        3230       0.00      0.00      0.00         1
        3232       0.00      0.00      0.00         1
        3242       1.00      0.50      0.67         2
        3249       1.00      1.00      1.00         1
        3255       0.00      0.00      0.00         1
        3276       1.00      1.00      1.00         1
        3280       0.00      0.00      0.00         1
        3293       0.00      0.00      0.00         0
        3296       0.00      0.00      0.00         1
        3307       0.00      0.00      0.00         1
        3314       1.00      1.00      1.00         1

    accuracy                           0.32       320
   macro avg       0.23      0.22      0.22       320
weighted avg       0.37      0.32      0.33       320